1  1.92897634e+03 5.04523041e+02 2.24278300e+00
3  3.85280691e-01 6.42470438e-02 2.18167100e+00
4  1.19597495e+01 8.40825571e-01 2.08612000e+00
5  3.45192933e+01 4.64251655e+00 2.92621200e+00
6  1.41097569e+01 5.69252405e-01 8.39470600e+00
7  3.54230714e+01 1.11116431e+00 3.58614000e+00
8  2.32936940e+01 1.18997731e+00 3.22665900e+00
9  1.27001978e+02 3.47302052e+01 3.23230100e+00
10  1.01130269e+03 5.88264085e+01 5.80149800e+00
11  4.23803857e+01 3.74853113e+00 2.91526700e+00
12  1.36230463e+04 1.46394232e+01 3.65901200e+00
13  7.60922390e+03 1.00711286e+03 3.52748800e+00
14  1.16926538e+03 4.66477542e+01 3.97223400e+00
15  2.13101764e+03 2.87581871e+02 2.80081800e+00
16  2.69175708e+02 3.98933977e+00 3.86344500e+00
17  7.24304231e+01 1.36933899e+00 9.38714900e+00
18  9.06561149e+03 9.84541059e+02 3.39978400e+00
19  3.74873443e+03 4.39010334e+02 4.56299710e+01
20  1.46358627e+02 3.16460419e+01 1.04407100e+01
21  2.01964605e+02 7.82126258e+00 6.75304900e+00
22  1.01555097e+02 5.87749836e-02 1.06342350e+01
23  3.67280165e+02 2.62361623e+00 1.16320580e+01
24  3.46592743e+02 7.38144963e+00 1.02189200e+01
25  4.23662488e+02 2.85871871e+00 7.97177800e+00
26  5.52578831e+02 2.63424590e+00 1.21765970e+01
27  4.43606212e+02 5.61647672e+00 1.27914560e+01
28  4.10560466e+02 3.61508618e+00 1.04501880e+01
29  3.62615239e+02 2.61399052e+01 1.24509700e+01
30  6.92250792e+04 2.04804879e+04 4.83573980e+01
