1  1.73744452e+07 1.75399437e+06 3.00133070e+01
3  4.39451585e+02 1.26353524e+01 2.56433820e+01
4  9.03370221e+01 4.87507278e+00 2.52975300e+01
5  1.95367748e+02 2.88882653e+00 3.38204760e+01
6  4.88345925e+01 1.63470322e+00 9.13204040e+01
7  2.82171632e+02 8.71068298e+00 3.63058410e+01
8  1.33111720e+02 5.63135110e+00 3.57190960e+01
9  3.15786310e+03 2.99607468e+01 3.29738670e+01
10  4.15605844e+03 1.10423180e+02 5.85503050e+01
11  1.62910281e+02 2.10580889e+01 3.05750260e+01
12  4.77050350e+06 3.87539732e+05 3.92970690e+01
13  1.27286504e+05 1.33155711e+04 3.08612810e+01
14  1.44073357e+04 1.87240935e+02 4.48529870e+01
15  8.06527159e+03 1.07942681e+02 2.84216440e+01
16  1.25792254e+03 2.82125584e+01 3.81917890e+01
17  6.51556394e+02 1.90629782e+01 8.97562900e+01
18  1.74438459e+05 2.19845131e+04 3.21951250e+01
19  5.80505129e+03 6.48762874e+02 4.26345577e+02
20  6.82956467e+02 7.24462116e+00 1.01226730e+02
21  3.70873679e+02 4.14438279e+00 7.70676630e+01
22  1.99886735e+03 3.60571972e+02 1.09465383e+02
23  7.78993535e+02 1.58312173e+00 1.27948960e+02
24  8.06784856e+02 3.50619661e+00 1.09918045e+02
25  4.19374467e+02 2.07836583e+00 9.53614780e+01
26  2.65207618e+03 2.58034649e+02 1.32879447e+02
27  7.07952368e+02 1.52210922e+01 1.44085553e+02
28  4.44943276e+02 5.21966391e+00 1.11442549e+02
29  1.40351384e+03 5.88765017e+01 1.17499585e+02
30  3.17379189e+05 5.53315073e+04 4.73938791e+02
1  1.57466952e+07 7.78966006e+06 2.49086800e+01
3  3.48525331e+02 7.40835924e+01 2.11210570e+01
4  9.32623972e+01 1.16799279e+00 2.13869060e+01
5  1.91625714e+02 5.05501751e-01 2.83791730e+01
6  5.08631991e+01 1.17442738e+00 7.62789940e+01
7  2.75135266e+02 2.35126677e+00 2.98650250e+01
8  1.42616660e+02 2.00288386e+00 2.99277750e+01
9  3.40971919e+03 1.95713119e+02 2.80208610e+01
10  4.02916043e+03 6.48412742e+01 5.06680510e+01
11  1.74425486e+02 4.80551496e+00 2.61730690e+01
12  6.29253367e+06 6.80459971e+05 3.37918040e+01
13  3.56022465e+04 1.33424178e+03 2.78133250e+01
14  1.49404097e+04 2.48843708e+03 3.90258360e+01
15  6.62427501e+03 3.78437961e+01 2.52434680e+01
16  1.29291264e+03 4.42731863e+01 3.52211840e+01
 